Data type in bytes: 8
 NRepetitions=100 N=7 cubN=15 Nelements=8000 elapsed time=6.91811e+06 GDOF/s=0.39664
Checksum=3.62743e+13
