Data type in bytes: 8
Checksum=3.62717e+13
 NRepetitions=100 N=7 cubN=15 Nelements=8000 elapsed time=5.34964e+06 GDOF/s=0.512931
