Data type in bytes: 8
Checksum=3.62713e+13
 NRepetitions=100 N=7 cubN=15 Nelements=8000 elapsed time=5.34247e+06 GDOF/s=0.51362
