-315.718
611.233
-1184.91
561.772
519.426
629.846
1247.13
695.21
616.86
921.533
1054.93
788.817
1834.44
829.42
740.152
719.461
901.943
909.215
661.362
669.146
1457.86
752.067
717.756
690.003
961.294
974.354
1077.98
910.265
797.014
922.871
765.298
428.954
961.794
926.562
697.028
808.918
732.034
852.308
678.102
449.208
888.921
925.615
-21.2682
1104.43
661.549
-496.65
649.736
163.75
739.667
-792.052
-644.776
1344.23
622.416
683.322
714.412
1456.79
988.28
1126.42
991.898
955.852
984.26
817.889
-48.831
708.151
949.98
688.695
861.928
827.83
778.745
690.003
535.693
1477.4
931.881
1012.99
928.294
706.175
765.421
758.72
758.93
960.153
750.484
755.604
955.005
654.019
751.417
704.457
2452.23
974.159
928.596
810.824
764.414
2457.27
700.507
-2141.96
544.242
1835.52
807.672
774.3
652.2
1247.13
795.18
644.267
823.277
934.265
1028.81
951.693
830.25
879.111
726.976
1967.52
2531.19
772.956
1857.7
2459.81
752.067
717.763
690.075
961.294
977.11
1078.05
910.455
797.032
922.871
765.299
417.979
732.652
1825.62
683.26
785.296
652.287
2316.51
-566.609
571.756
374.624
931.701
1011.79
927.041
705.158
754.074
438.499
749.927
2491.66
684.659
644.603
2220.1
707.177
782.24
785.193
916.089
844.402
1317.72
851.197
735.009
963.014
808.904
572.477
756.39
951.03
695.916
868.066
828.337
778.847
749.38
563.971
2488.36
1054.91
788.669
947.661
684.675
817.595
658.72
706.295
1494
755.943
880.035
890.393
654.019
751.426
704.559
2452.23
977.289
928.935
811.142
764.445
2457.27
700.509
497.671
681.145
1816.65
823.761
961.359
891.37
818.736
889.841
626.7
883.979
931.911
1013.18
928.552
707.201
767.004
714.87
768.845
2527.63
698.19
771.012
2519.89
652.935
834.825
834.18
1691.15
800.832
1479.33
891.235
815.981
1708.23
684.365
497.869
1017.48
1087.8
722.971
834.297
661.493
1322.93
751.933
560.323
2496.72
1054.92
788.731
947.689
684.657
818.293
659.895
706.084
1493.84
755.035
886.831
887.922
751.907
723.232
693.73
961.968
974.929
926.557
798.125
735.363
963.442
807.866
428.928
961.366
926.604
704.792
802.203
765.378
1655.87
754.247
556.569
2493.25
1053.75
781.384
947.491
683.908
815.355
658.823
699.839
1492.53
753.943
870.815
884.282
718.848
908.612
829.633
883.676
962.205
1257.72
785.651
691.208
1250.48
720.584
0.947967
900.087
942.371
692.068
1029.1
868.661
834.467
689.919
532.509
1477.2
931.881
1012.99
928.291
706.148
765.42
758.699
758.666
960.026
750.165
755.594
954.965
647.25
808.962
715.104
1699.85
975.17
930.985
822.058
820.619
1704.28
693.48
431.135
934.812
923.561
685.352
967.883
891.999
818.829
710.013
620.002
922.332
1054.87
788.445
1833.71
829.339
731.92
719.605
901.679
909.298
661.633
668.212
1457.26
638.343
794.527
695.503
1704.53
980.098
1053.03
892.914
841.269
1704.12
699.673
531.046
1020.64
1087.34
716.42
834.537
661.514
1322.93
686.768
535.274
1477.51
931.876
1012.95
928.258
706.16
765.153
754.512
758.786
959.639
750.482
752.209
955.337
751.907
723.225
693.652
961.968
972.484
926.292
797.879
735.34
963.442
807.865
430.555
960.403
925.248
704.835
788.397
649.529
1415.38
756.15
560.339
2497.37
1053.73
781.275
946.803
677.476
815.671
662.847
705.297
1493.47
754.922
874.239
887.863
711.927
727.322
694.732
933.668
975.053
926.73
799.283
738.677
940.645
770.744
498.106
969.284
927.49
705.371
803.004
765.455
1655.87
685.486
528.087
1476.65
931.879
1012.97
928.256
705.805
765.42
758.749
754.763
960.008
745.494
755.613
954.493
718.847
908.602
829.515
883.674
959.028
1257.37
785.348
691.181
1250.48
720.582
429.101
934.694
923.95
689.302
967.909
892.001
818.829
749.256
546.88
933.149
1055.44
791.963
1844.58
730.418
955.272
722.467
-74.8954
706.626
658.75
724.616
1489.79
638.341
794.509
695.311
1704.53
972.604
1052.85
892.412
841.223
1704.11
699.67
428.848
935.475
924.111
688.797
967.993
890.367
817.894
741.636
613.878
939.185
1054.96
788.954
1834.7
829.436
743.087
759.065
901.894
912.037
663.073
695.7
1485.58
652.935
834.817
834.083
1691.15
799.81
1479.31
891.141
815.971
1708.23
684.365
-3212.65
463.1
940.036
680.9
830.608
825.238
778.224
683.619
535.248
1477.26
931.876
1012.95
928.256
706.159
765.133
754.285
758.779
959.618
750.438
752.032
955.225
654.019
751.416
704.456
2452.23
974.108
928.59
810.819
764.414
2457.27
700.507
501.549
750.594
949.427
681.556
867.283
828.273
778.834
608.991
1030.82
2139.95
1051.57
767.773
856.132
-137.389
779.411
293.924
651.054
1500.7
757.77
494.236
500.215
654.03
751.588
706.23
2452.23
1028.96
934.522
816.408
764.953
2457.27
700.544
428.558
961.573
927.312
712.203
802.27
765.384
1655.87
754.181
556.851
2496.67
1054.91
788.695
939.749
683.032
818.273
666.261
700.217
1493.58
752.003
888.916
899.169
718.848
908.612
829.634
883.676
962.231
1257.71
785.654
691.208
1250.48
720.584
500.24
1017.5
1087.16
716.266
834.247
661.489
1322.93
686.557
531.889
1477.13
931.718
1011.9
926.753
698.678
757.31
758.627
757.561
959.993
750.068
754.418
954.94
751.907
723.223
693.63
961.968
971.798
926.219
797.809
735.334
963.442
807.865
526.615
743.966
1838.75
832.355
786.412
652.385
2316.51
867.845
628.229
872.97
917.277
1009.94
926.764
699.569
758.489
698.396
766.877
2525.86
697.588
767.805
2508.88
707.178
782.286
785.66
916.089
849.452
1317.87
851.588
735.046
963.014
808.905
-163.096
699.443
950.624
694.994
860.846
827.74
778.727
754.3
564.448
2500.35
1054.93
788.776
947.719
684.743
818.786
669.594
706.917
1494.73
757.339
891.637
902.205
654.019
751.426
704.56
2452.23
977.342
928.941
811.148
764.445
2457.27
700.509
493.987
591.45
1625.75
-1591.48
770.505
651.868
1247.13
620.497
621.318
777.943
931.853
1012.8
928.116
706.332
763.534
639.376
760.641
2519.06
700.64
737.117
2439.33
752.067
717.757
690.016
961.294
974.814
1077.99
910.298
797.017
922.871
765.298
615.796
758.46
944.533
636.487
868.126
828.342
778.848
747.276
564.095
2496.72
1054.92
788.744
947.702
684.721
818.428
666.327
706.714
1494.5
756.899
888.151
898.655
654.019
751.426
704.559
2452.23
977.303
928.936
811.144
764.445
2457.27
700.509
431.243
961.644
926.922
712.74
797.377
650.682
1415.38
760.083
564.885
2510.2
1054.94
788.864
947.767
684.799
819.762
678.52
707.431
1495.33
758.49
901.161
911.901
711.959
728.395
702.193
933.672
977.041
928.447
808.471
739.969
940.65
770.784
430.09
961.093
926.63
711.426
796.086
720.726
2381.32
747.55
611.507
938.608
1054.96
788.976
1834.75
829.421
743.686
763.699
901.686
912.086
663.52
701.72
1485.75
712.351
851.572
821.613
844.904
756.591
1838.15
790.41
685.807
1457.53
657.02
479.236
955.985
945.773
693.698
1036.07
869.172
834.567
690.145
532.517
1477.27
931.757
1012.16
927.466
706.075
757.39
758.818
758.663
960.04
750.14
754.552
955.008
647.25
808.962
715.104
1699.85
975.171
930.985
822.058
820.619
1704.28
693.48
430.021
934.8
923.953
689.315
967.92
892.002
818.829
749.506
622.199
941.26
1054.9
788.633
1834.07
829.58
735.802
768.872
903.768
914.151
664.797
704.378
1488.28
638.343
794.528
695.508
1704.53
980.323
1053.03
892.929
841.271
1704.12
699.673
623.755
972.858
946.75
693.69
1038.16
869.326
834.597
684.58
535.378
1477.44
931.875
1012.95
928.257
706.161
765.144
754.398
758.791
959.63
750.486
752.118
955.294
647.25
808.964
715.125
1699.85
975.8
931.052
822.123
820.626
1704.28
693.48
700.656
966.094
924.548
691.156
971.044
892.273
818.883
759.905
552.666
938.658
1055.25
790.823
1837.04
862.274
737.137
672.048
1221.71
-487.937
658.876
714.953
1497.21
638.342
794.51
695.326
1704.53
973.197
1052.87
892.451
841.227
1704.11
699.67
32.8978
919.663
923.909
704.875
816.306
790.879
1638.99
767.218
530.031
930.228
1054.12
783.717
1837.25
856.601
744.998
669.177
1176.21
-554.784
649.03
715.18
1501.72
758.844
944.475
816.653
980.631
1021.58
1104.12
837.318
695.819
1476.87
666.807
875.462
1011.44
932.586
709.736
810.098
722.48
2381.32
714.744
606.503
922.448
1054.49
786.042
1829.03
828.775
678.84
722.63
899.576
907.692
613.01
104.042
-2405.09
712.351
851.569
821.579
844.903
756.205
1838.14
790.387
685.806
1457.53
657.02
-133.133
133.541
-716.507
82.3806
453.312
-1803.32
603.994
133.906
149.438
574.933
575.03
149.454
642.746
135.189
150.33
619.006
696.985
133.651
923.09
211.863
1760.39
137.822
843.996
1758.49
639.308
154.258
764.901
205.695
133.651
941.143
943.335
135.665
728.92
133.651
799.548
134.678
151.609
602.726
636.211
185.081
680.71
153.024
152.879
633.448
715.319
136.359
613.556
193.745
974.54
204.41
1014.37
1031.42
947.546
165.074
152.224
726.542
809.271
136.564
668.936
154.395
756.383
135.632
531.274
140.42
825.159
200.453
901.765
877.964
861.542
135.911
154.462
651.992
718.103
121.551
761.698
134.853
133.508
590.66
679.845
130.363
788.086
164.041
1115.72
134.529
-14.1624
943.144
572.653
134.601
605.517
159.488
130.363
286.369
290.653
134.297
-556.795
130.363
-319.573
108.897
66.4059
-368.282
-392.397
42.2954
681.294
121.547
152.062
615.426
646.802
183.703
493.839
185.528
1020.8
206.625
1024.58
1082.05
1001.46
194.229
121.55
962.591
979.835
137.602
727.949
156.646
776.973
134.955
116.712
149.633
841.71
201.267
775.436
908.251
784.774
203.671
121.548
862.601
862.601
121.548
754.601
135.087
174.422
639.601
645.005
179.825
976.029
141.424
826.879
201.007
936.859
879.709
689.565
178.041
771.493
136.439
183.456
695.12
751.434
136.435
688.981
183.011
823.687
136.374
177.877
687.299
748.577
136.274
709.272
121.548
121.548
730.458
695.648
189.05
625.699
140.662
827.012
200.936
910.947
880.181
863.927
136.547
121.548
740.991
707.449
192.088
750.282
121.548
769.817
136.292
-1413.02
31.0695
1760.88
137.396
628.971
1760.17
829.311
134.345
150.612
591.204
591.303
150.628
743.686
199.153
120.59
832.751
847.555
134.189
978.469
141.735
850.168
208.521
955.261
903.218
772.589
120.59
906.762
160.153
134.189
1728.43
1575.67
249.342
827.947
134.189
947.52
157.998
120.59
1625.97
1505.81
253.33
680.71
153.024
152.88
633.453
715.324
136.359
633.55
195.165
974.596
204.418
1016.78
1031.51
947.713
165.075
152.225
726.556
809.286
136.564
668.936
154.395
756.447
135.632
457.263
175.465
1749.54
134.955
795.413
1751.71
839.012
134.347
150.605
591.573
591.474
150.589
584.321
123.665
79.5212
-413.268
-355.302
132.766
975.844
141.401
825.916
200.89
935.352
878.165
473.397
79.5212
770.404
136.263
132.766
740.46
683.648
178.061
748.513
132.766
811.306
134.196
79.5214
601.873
619.559
184.972
626.958
151.515
151.619
715.06
795.517
135.424
572.323
187.183
1238.47
188.895
907.076
1246.96
898.604
135.971
153.693
645.973
730.578
137.421
719.267
156.593
836.541
163.991
570.765
184.806
842.839
201.687
818.122
909.222
789.261
204.02
121.548
863.049
863.049
121.548
762.239
136.252
129.749
737.009
689.609
184.384
923.065
211.855
839.821
200.941
845.519
905.502
722.348
129.749
751.402
135.406
182.115
658.277
663.074
186.911
694.381
184.73
755.193
203.978
129.749
917.582
924.801
136.381
709.273
121.548
121.548
730.466
695.655
189.051
650.711
140.724
827.263
200.959
913.255
880.607
864.209
136.547
121.548
741.015
707.471
192.09
750.284
121.548
769.907
136.292
512.692
176.96
1740.2
137.711
753.612
1743.1
892.659
209.259
121.548
917.215
917.21
121.547
756.945
201.702
132.781
929.534
930.692
133.845
976.06
141.428
827.119
201.073
937.095
879.986
775.181
132.781
772.61
136.634
133.845
756.88
711.398
193.049
761.625
133.845
825.412
136.676
132.781
757.57
712.127
192.318
708.108
121.547
121.548
832.189
793.085
190.565
612.153
190.336
1412.3
185.492
866.939
1396.36
935.701
137.559
121.549
785.938
747.123
193.88
736.023
121.548
872.469
170.213
548.091
185.388
986.381
206.488
1025.76
1039.22
882.234
134.527
150.852
599.994
599.994
150.852
786.107
136.302
131.313
740.607
688.378
181.47
923.075
211.858
839.84
200.942
845.589
905.538
725.086
131.313
751.382
135.402
181.919
657.94
662.98
186.96
693.536
184.497
756.043
204.36
131.313
925.28
930.778
136.363
681.981
152.719
152.052
638.891
721.675
136.345
647.442
140.677
824.993
200.291
910.78
878.12
852.111
135.978
152.449
647.886
732.993
137.405
719.873
156.27
759.756
135.74
531.242
140.411
825.577
200.851
901.113
877.63
856.344
136.566
121.549
744.939
675.889
156.237
770.175
136.347
131.328
743.091
693.175
184.314
921.85
211.425
839.661
200.892
839.045
905.321
724.211
131.327
750.588
135.28
178.803
650.446
655.625
183.983
692.502
184.317
753.053
203.549
131.327
911.291
916.76
136.341
639.709
154.114
121.547
932.355
947.689
135.653
626.776
188.197
1199.63
168.736
975.252
1165.8
840.569
135.11
152.742
618.987
655.55
189.143
767.897
121.547
802.103
204.298
152.271
139.352
836.47
201.103
891.521
898.273
1002.54
190.723
121.548
895.861
895.861
121.548
757.621
135.085
174.415
639.567
644.81
179.659
976.029
141.424
826.875
201.006
936.859
879.707
689.548
178.039
771.464
136.434
183.281
694.767
751.22
136.435
688.587
182.833
823.685
136.374
177.875
687.291
748.563
136.267
703.178
121.547
121.551
784.16
744.14
191.317
622.911
140.682
829.372
201.569
912.46
882.597
875.019
137.649
121.551
793.143
754.466
194.339
743.958
121.547
780.418
137.42
512.657
189.235
818.495
196.464
960.334
878.626
905.631
209.001
121.547
917.726
917.731
121.548
752.162
135.479
153.9
632.496
709.163
133.713
923.027
211.841
1759.75
137.821
843.491
1757.68
639.452
154.409
764.826
205.684
133.713
940.983
943.111
135.668
729.229
133.713
792.267
134.659
151.7
602.058
635.587
185.048
695.426
121.548
121.549
768.688
729.337
190.402
615.043
195.383
950.233
204.38
1021.13
1005.82
927.473
170.372
121.548
836.467
798.539
193.865
749.337
121.547
762.895
137.138
573.574
186.534
985.748
206.073
1028.36
1038.93
882.447
134.527
150.853
600.009
600.009
150.853
778.936
135.023
171.803
634.65
639.947
177.06
976.023
141.423
826.851
201.005
936.818
879.666
683.633
175.11
771.477
136.436
183.426
694.991
751.229
136.352
688.952
182.989
823.377
136.307
174.979
681.989
745.754
136.273
681.98
152.719
152.052
638.886
721.669
136.345
625.292
140.629
824.797
200.274
908.977
877.787
851.894
135.977
152.448
647.87
732.975
137.405
719.872
156.27
759.687
135.739
532.656
140.392
824.595
200.782
899.649
875.901
841.689
134.293
150.575
588.469
588.469
150.575
770.254
136.385
131.979
745.302
694.851
184.541
921.832
211.418
838.835
200.531
838.956
904.771
728.471
131.978
745.03
135.387
181.881
657.389
662.506
187.15
693.527
184.493
753.456
203.739
131.978
915.021
919.802
136.361
633.839
153.86
154.671
645.029
724.903
135.517
647.462
140.68
825.164
200.346
910.925
878.296
853.196
136.042
155.27
653.282
735.258
136.671
676.591
156.959
760.723
135.819
592.436
140.567
826.253
200.924
906.951
878.727
857.053
136.568
121.549
745.002
675.945
156.241
769.215
134.998
171.66
633.76
638.622
176.664
976.027
141.424
826.833
200.986
936.847
879.68
689.662
178.123
771.077
136.357
180.043
688.718
748.033
136.436
682.006
179.599
823.686
136.374
177.958
687.385
748.483
136.175
639.709
154.114
121.547
932.346
947.68
135.653
601.691
187.905
1199.34
168.728
972.706
1165.4
840.301
135.11
152.74
618.968
655.53
189.142
767.896
121.547
802.012
204.292
510.87
189.22
818.976
196.683
960.235
878.923
905.652
209.003
121.547
917.728
917.733
121.548
756.485
136.249
181.042
686.209
739.46
132.278
923.614
212.049
1767.19
135.88
851.366
1771.97
666.709
179.632
643.489
151.036
132.278
77.935
81.6856
135.724
725.123
132.278
990.504
135.766
179.746
668.259
676.395
187.873
695.424
121.548
121.549
768.673
729.323
190.401
561.695
191.532
950.093
204.362
1014.56
1005.61
927.032
170.369
121.548
836.428
798.504
193.863
749.334
121.547
762.726
137.138
510.83
189.114
819.133
196.607
960.448
879.089
905.986
208.988
121.548
916.366
916.361
121.547
755.875
136.1
174.333
674.271
734.549
133.593
923.112
211.871
1760.61
137.823
844.179
1758.78
686.821
175.23
764.905
205.708
133.593
941.05
944.151
136.442
730.372
133.593
802.704
135.198
172.128
641.013
652.884
183.956
708.107
121.547
121.548
832.181
793.079
190.564
602.779
189.6
1412.28
185.484
866.036
1396.33
935.618
137.559
121.549
785.93
747.116
193.88
736.023
121.548
872.385
170.213
-2195.38
-29.441
830.495
196.755
558.594
899.577
761.877
201.89
121.548
860.315
860.315
121.548
747.587
134.961
171.531
632.261
637.685
176.89
976.023
141.423
826.849
201.005
936.815
879.663
683.349
174.989
771.476
136.436
183.425
694.985
751.22
136.348
688.919
182.985
823.355
136.304
174.862
681.739
745.622
136.273
709.272
121.548
121.548
730.458
695.648
189.05
625.304
140.661
827.007
200.936
910.908
880.174
863.923
136.547
121.548
740.99
707.448
192.088
750.282
121.548
769.816
136.292
518.914
180.776
840.946
200.876
812.993
907.907
788.689
203.975
121.548
862.992
862.992
121.548
746.572
133.497
58.5137
552.008
611.196
200.622
919.582
210.621
731.679
154.505
826.27
830.584
322.989
58.5136
25.0314
134.323
202.837
641.757
604.456
165.534
719.34
208.46
707.909
182.436
58.5136
499.696
584.504
136.416
709.282
121.548
121.548
730.597
695.773
189.06
1063.65
141.738
831.409
201.338
951.359
887.635
868.865
136.557
121.548
741.427
707.842
192.118
750.315
121.548
771.385
136.295
530.92
140.415
826.47
201.26
901.301
878.155
856.403
136.566
121.549
744.945
675.894
156.237
776.709
136.346
131.389
742.522
692.638
184.345
923.069
211.856
830.396
196.849
845.557
899.103
730.785
131.389
749.823
135.287
178.848
650.72
656.336
184.317
688.167
181.374
756.134
204.463
131.389
927.202
932.551
136.303
639.709
154.114
121.547
932.355
947.689
135.653
627.024
188.198
1199.63
168.736
975.271
1165.8
840.571
135.11
152.742
618.987
655.55
189.143
767.897
121.547
802.104
204.298
549.903
185.459
985.604
206.059
1025.75
1038.72
882.19
134.527
150.852
599.991
599.991
150.852
778.797
135.019
171.604
634.441
639.672
176.834
975.862
141.403
825.379
200.547
935.586
878.127
689.477
178.016
764.85
136.412
183.191
693.933
750.323
136.433
688.486
182.796
816.506
136.351
177.794
686.418
747.609
136.265
681.98
152.719
152.052
638.884
721.668
136.345
622.292
140.616
824.743
200.269
908.472
877.695
851.832
135.977
152.448
647.865
732.969
137.405
719.872
156.27
759.668
135.739
536.8
181.761
1764.24
137.88
805.418
1763.26
839.999
134.349
150.61
591.644
591.545
150.594
765.26
204.296
131.374
908.721
911.454
133.874
963.081
141.364
825.434
200.592
934.224
878.094
759.176
131.374
765.835
136.595
133.874
755.344
709.08
192.201
761.128
133.874
817.834
136.614
131.374
754.149
710.271
192.114
626.959
151.515
151.621
715.094
795.555
135.424
615.818
192.573
1238.61
188.93
911.525
1247.13
898.949
135.972
153.695
645.999
730.608
137.421
719.268
156.593
836.952
163.994
33.2155
143.173
842.497
201.619
767.732
908.751
783.983
203.609
121.548
862.522
862.522
121.548
761.531
136.348
131.881
743.127
693.209
184.667
923.083
211.861
839.867
200.947
845.639
905.572
734.261
131.881
751.476
135.419
182.172
658.754
664.076
187.494
695.419
184.828
756.645
204.628
131.881
930.138
935.066
136.408
709.273
121.548
121.548
730.466
695.655
189.051
651.133
140.725
827.267
200.96
913.294
880.614
864.214
136.547
121.548
741.016
707.471
192.09
750.284
121.548
769.909
136.292
505.363
172.321
1525.63
90.3221
670.535
1575.86
825.956
134.339
150.595
590.962
591.061
150.611
-1009.04
63.9412
118.348
676.212
692.967
133.738
976
141.42
826.758
201.006
936.617
879.475
692.871
118.348
771.668
136.473
133.738
750.065
698.664
185.908
763.664
133.738
821.627
136.011
118.348
715.667
687.618
190.648
680.71
153.024
152.879
633.449
715.32
136.359
616.771
194.001
974.549
204.412
1014.77
1031.44
947.575
165.074
152.224
726.544
809.273
136.564
668.936
154.395
756.395
135.632
602.357
187.193
835.108
198.337
819.95
903.958
789.305
204.023
121.548
863.053
863.053
121.548
709.768
136.211
131.241
736.795
688.086
184.28
923.077
211.859
839.853
200.945
845.603
905.551
730.681
131.241
751.452
135.415
182.143
658.588
663.763
187.318
695.081
184.786
756.209
204.433
131.241
926.366
931.982
136.399
709.273
121.548
121.548
730.466
695.655
189.051
650.821
140.724
827.264
200.959
913.265
880.609
864.21
136.547
121.548
741.015
707.471
192.09
750.284
121.548
769.907
136.292
533.29
140.417
826.214
201.268
901.086
877.63
849.636
134.315
150.636
589.307
589.307
150.636
777.309
136.462
133.631
749.563
697.435
184.994
923.097
211.866
839.904
200.953
845.737
905.63
744.04
133.631
751.536
135.429
182.221
659.149
664.902
187.973
696.278
184.91
757.837
205.162
133.631
940.444
943.492
136.431
633.862
153.862
154.728
645.809
725.773
135.518
651.512
140.719
826.789
200.814
912.915
880.106
861.33
136.067
155.338
654.222
736.306
136.672
676.621
156.961
767.328
135.84
532.261
140.406
825.935
201.186
900.607
877.325
849.993
135.69
121.548
705.588
640.234
154.324
775.883
136.216
177.568
681.561
739.324
133.547
923.116
211.873
1760.66
137.822
844.211
1758.84
693.3
178.419
764.884
205.697
133.547
940.816
944.067
136.533
730.716
133.547
803.362
135.317
175.155
648.234
659.992
186.913
634.147
153.883
121.548
883.545
898.761
135.525
599.145
186.872
1763.48
137.669
816.641
1762.81
844.24
135.004
152.486
614.838
648.096
185.746
711.92
121.548
756.672
202.749
575.432
140.459
839.025
201.365
935.422
902.522
1008.31
190.864
121.548
896.31
896.31
121.548
759.064
135.09
174.485
639.791
644.975
179.671
975.901
141.408
826.272
200.959
935.811
878.66
689.693
178.104
771.399
136.434
183.281
694.765
751.22
136.437
688.57
182.832
816.58
136.353
177.879
686.593
747.719
136.267
703.178
121.547
121.551
784.16
744.14
191.317
622.918
140.682
829.372
201.569
912.46
882.597
875.019
137.649
121.551
793.143
754.465
194.338
743.958
121.547
780.418
137.42
511.678
189.231
818.979
196.684
960.327
878.927
905.66
209.003
121.547
917.729
917.734
121.548
756.503
136.254
180.207
685.408
741.213
133.756
923.059
211.852
1760.07
137.825
843.741
1758.08
699.468
181.23
765.107
205.803
133.756
942.873
946.007
136.634
732.067
133.756
796.464
135.369
177.826
652.552
662.037
187.113
695.426
121.548
121.549
768.688
729.337
190.402
616.646
195.499
950.238
204.381
1021.32
1005.83
927.486
170.372
121.548
836.468
798.54
193.865
749.337
121.547
762.9
137.138
703.294
140.793
839.735
201.415
948.672
903.765
1010.05
190.907
121.548
896.446
896.446
121.548
758.936
134.98
171.612
633.042
638.4
176.932
976.023
141.423
826.85
201.005
936.817
879.664
683.494
175.048
771.478
136.436
183.432
695
751.231
136.35
688.959
182.995
823.366
136.305
174.918
681.867
745.68
136.274
703.178
121.547
121.551
784.162
744.141
191.318
625.456
140.694
829.422
201.574
912.923
882.682
875.076
137.649
121.551
793.148
754.47
194.339
743.958
121.547
780.436
137.42
749.504
192.511
819.502
196.807
987.456
879.594
908.077
209.147
121.547
917.968
917.973
121.548
758.348
136.458
188.075
700.28
748.276
132.392
923.424
211.982
1763.37
138.467
845.701
1760.71
636.408
183.435
804.966
223.62
132.392
1221.86
1224.41
134.735
725.359
132.392
797.868
135.576
185.702
667.552
669.424
187.37
695.425
121.548
121.549
768.674
729.324
190.401
565.918
191.836
950.104
204.363
1015.08
1005.63
927.067
170.369
121.548
836.431
798.506
193.863
749.334
121.547
762.739
137.138
180.989
139.593
823.622
200.711
871.372
874.196
869.298
137.065
121.551
772.723
702.144
156.38
770.524
136.602
192.235
709.608
753.864
131.956
922.239
211.562
1763.43
138.356
839.6
1761.06
635.628
184.537
798.512
221.157
131.956
1181.39
1184.36
134.678
716.249
131.956
804.806
135.581
186.812
668.859
666.208
184.248
687.381
153.014
121.55
951.034
967.021
136.454
568.689
187.632
1005.87
210.732
1034.14
1052.36
885.641
135.2
152.755
624.26
657.887
186.629
720.452
121.547
849.209
192.283
926.225
141.394
830.179
201.414
938.207
884.993
862.391
135.724
121.548
707.009
641.509
154.416
773.691
135.572
155.674
637.552
712.642
133.448
922.627
211.699
1755.63
137.81
840.238
1752.44
643.284
156.09
764.308
205.556
133.448
938.848
941.328
135.727
686.051
133.448
733.391
123.59
123.503
193.645
223.011
152.869
634.147
153.883
121.548
883.543
898.759
135.525
595.488
186.589
1763.47
137.668
816.3
1762.81
844.219
135.004
152.486
614.836
648.095
185.746
711.92
121.548
756.647
202.747
-201.89
52.9929
651.287
60.5563
60.223
650.948
518.317
98.8311
665.238
1217.04
1217.23
56.4018
556.343
102.834
864.746
121.244
1080.65
62.3441
755.492
118.687
61.9621
799.918
864.251
63.2349
895.768
901.61
856.82
122.756
751.084
56.1344
709.663
112.148
702.634
1425.26
1430.46
61.3227
640.275
106.684
664.845
108.781
749.555
956.051
781.952
56.1336
658.608
84.6152
983.994
61.5466
63.4777
985.551
875.471
116.716
824.756
919.401
866.342
121.901
795.278
56.1345
906.536
122.89
727.776
918.32
446.673
100.373
990.165
61.6214
62.5027
991.059
771.07
116.966
763.16
853.763
790.853
102.27
670.345
107.644
832.551
115.432
949.562
55.9673
52.4474
69.6171
52.2536
32.3567
696.59
57.4234
245.899
710.528
708.806
111.65
681.374
53.6491
-387.442
13.4972
-565.988
1316.07
1312.38
49.932
-617.674
21.3118
688.947
110.604
716.233
1424.34
592.705
89.3717
489.336
92.3867
1001.35
61.7476
64.0981
1003.35
974.943
100.746
965.414
962.661
945.858
122.153
845.402
56.1337
1429.24
61.0194
708.766
885.291
16.4284
61.7077
724.047
61.5559
114.969
686.655
894.983
62.6509
810.137
770.511
726.978
98.3085
665.754
109.779
1447.83
60.3378
883.354
131.033
1039.57
61.6935
62.1598
1040.04
682.488
112.398
793.462
958.633
901.672
126.54
792.344
59.511
733.538
115.619
789.403
952.977
897.032
126.057
785.261
60.3512
680.826
112.123
782.012
2419.54
619.34
91.3598
540.511
108.038
1002.14
61.6799
62.5172
1002.99
772.931
118.359
794.537
2424.4
2430.14
61.6495
659.46
93.9497
2424.91
61.2836
726.177
1446.98
-2001.8
60.4147
543.904
104.542
62.217
571.367
738.846
113.525
686.778
1217.04
1217.23
56.4018
842.441
62.3941
780.609
116.413
885.789
131.543
1055.81
62.6702
63.0548
1056.2
818.438
148.198
1959.01
2500.81
2501.56
61.8579
681.14
94.2547
857.987
148.288
1847.63
2426.45
2433.16
62.22
737.202
113.594
664.908
108.785
749.562
956.051
781.952
56.1336
685.035
84.7081
986.605
61.5472
63.4793
988.162
875.639
116.725
824.774
919.401
866.342
121.901
795.279
56.1345
906.536
122.89
783.257
805.944
466.438
61.9011
703.53
112.065
62.3122
747.724
748.372
114.106
686.328
2286.51
2286.51
56.1367
711.672
51.6742
391.884
89.4614
883.17
130.994
1038.4
61.6855
62.0705
1038.8
681.395
112.127
785.152
2462.15
2461.17
59.5876
382.166
28.1676
721.093
112.335
661.948
2178.62
2201.58
61.5245
659.444
106.737
766.939
110.577
810.552
913.056
739.271
56.1344
615.517
62.7754
837.176
80.5111
62.8705
852.084
808.291
119.959
766.18
957.564
908.464
125.179
836.824
56.1336
859.122
120.156
-462.5
297.364
615.5
62.0882
769.235
61.6147
117.803
728.432
900.902
62.6549
810.58
770.627
727.066
98.3142
673.406
111.598
2458.99
60.575
1080.63
62.3429
799.346
61.5284
118.395
755.083
662.674
109.944
742.96
1463.62
1464.38
61.302
633.388
101.607
852.682
63.0618
871.026
879.389
841.397
122.589
790.747
60.5738
680.914
112.129
782.021
2419.54
619.34
91.3598
564.99
109.688
1005.16
61.6807
62.5197
1006.01
773.207
118.377
794.566
2424.4
2430.14
61.6495
659.461
93.9498
2424.91
61.2836
783.393
2457.73
542.81
61.5015
662.963
112.516
111.572
670.456
989.89
63.2936
875.093
811.469
766.002
98.8469
858.704
63.139
829.861
116.185
883.384
131.039
1039.77
61.7016
62.1723
1040.24
683.611
112.692
803.819
2497.24
2498.02
61.7626
685.537
108.427
735.273
116.075
805.475
2489.35
2490.43
61.6313
670.138
106.455
835.166
98.2488
865.416
1634.77
619.721
90.8224
668.117
62.4214
789.66
92.3835
63.2162
809.915
845.352
123.369
856.302
1650.92
1705.54
61.5183
645.657
93.0038
1687.53
61.2781
882.823
878.098
525.136
103.722
1037.36
61.8155
62.6954
1038.24
792.224
116.548
695.294
1292.91
1292.96
56.2321
697.072
113.134
2467.01
60.5463
1080.64
62.3434
799.403
61.5282
118.415
755.153
662.654
109.938
742.727
1463.44
1464.23
61.3112
634.114
101.385
853.408
63.1153
878.668
879.552
836.292
119.483
789.843
60.5451
668.504
108.651
754.788
956.596
781.744
56.1337
559.925
107.566
1002.8
61.5953
62.4169
1003.63
758.562
114.401
766.471
957.883
909.001
124.916
835.775
56.1337
907.34
122.622
786.492
2466.42
446.641
100.361
989.815
61.6825
62.4493
990.594
763.298
114.802
807.184
1602.01
1649.73
56.136
678.901
109.817
2463.48
60.5147
1079.45
62.2856
792.523
61.5221
115.33
746.158
661.858
109.75
736.679
1462.12
1462.93
61.3015
634.785
100.055
850.453
62.983
864.349
875.764
832.8
119.99
788.762
60.5136
862.619
63.4298
893.726
868.629
750.472
56.1344
566.042
97.9174
967.671
97.956
62.2973
987.141
745.363
114.966
724.531
1217.48
1223.48
62.0187
677.414
94.8443
838.723
120.432
788.619
2463.01
77.3823
76.3794
929.799
61.5779
106.051
910.228
1050.21
80.751
861.276
825.698
783.236
98.2546
666.213
108.012
1447.61
60.3128
883.354
131.033
1039.57
61.6933
62.1598
1040.04
682.459
112.39
793.183
958.49
901.562
126.533
792.323
59.5108
733.537
115.619
789.394
952.94
896.991
126.047
784.928
60.3261
692.38
113.175
849.723
1642.63
614.283
90.7014
536.023
106.111
1003.2
61.7647
62.6065
1004.05
785.003
119.361
860.945
1646.84
1701.72
61.5945
654.206
93.2673
1697.08
61.2307
726.094
1446.78
458.206
89.9112
958.005
61.5159
104.117
937.381
995.633
63.2987
875.848
811.57
766.087
98.8447
660.812
108.381
865.606
121.246
1080.59
62.3411
755.169
118.664
61.8977
799.505
864.171
63.2325
895.576
901.712
856.885
122.755
751.229
56.1421
700.111
109.23
701.736
1424.66
1429.86
61.3248
640.656
106.688
672.038
110.365
835.604
1647.44
605.928
90.4442
662.907
64.0387
984.632
61.588
84.4436
982.833
870.12
113.782
871.329
1647.64
1700.6
61.646
660.075
93.4187
1701.61
61.1563
742.039
919.059
556.969
103.956
1040.34
61.7641
62.6973
1041.27
792.433
116.562
695.314
1292.91
1292.96
56.2321
689.859
111.215
1447.92
60.3345
883.348
131.032
1039.54
61.6934
62.1578
1040.01
682.472
112.394
793.32
958.158
901.12
126.428
788.309
59.5284
733.222
115.533
786.152
953.331
897.344
126.071
785.256
60.3479
668.437
108.647
754.781
956.596
781.744
56.1337
540.111
107.974
1000.44
61.5947
62.415
1001.27
758.35
114.388
766.449
957.883
909.001
124.916
835.774
56.1337
907.34
122.622
723.08
1447.1
449.448
101.853
988.887
61.6828
62.3406
989.555
748.21
111.747
683.73
1385.37
1385.4
56.1394
678.983
109.867
2467.49
60.5462
1079.43
62.2847
792.37
61.4718
115.332
746.072
654.189
107.266
741.969
1463.07
1463.88
61.333
639.05
101.049
850.785
63.0099
868.286
879.821
835.905
120.202
789.733
60.5451
669.549
108.697
758.72
929.639
743.825
56.1344
559.935
107.587
1002.92
61.6034
62.4263
1003.76
759.701
114.446
769.662
936.166
885.124
125.741
800.5
56.1345
877.698
123.947
790.718
2467.26
507.956
105.828
997.449
61.6871
62.4556
998.229
763.989
114.845
807.258
1602.01
1649.73
56.136
680.036
110.604
1447.04
60.2774
883.352
131.032
1039.55
61.6906
62.1598
1040.03
682.069
112.281
789.385
958.455
901.561
126.531
792.384
59.5236
733.537
115.619
789.425
952.516
896.47
125.916
780.395
60.2896
862.506
63.4297
893.717
868.626
750.472
56.1344
540.998
96.7997
964.639
97.9342
62.2949
984.09
745.102
114.949
724.505
1217.48
1223.48
62.0187
677.412
94.8442
838.722
120.432
721.838
1446.26
456.406
89.8487
957.923
61.5469
104.117
937.269
995.659
63.2988
875.85
811.571
766.087
98.8447
665.143
109.53
873.203
120.1
1081.16
62.3688
755.842
116.497
63.6439
804.543
761.044
55.5448
40.4822
671.224
682.029
111.549
757.964
60.0553
896.637
125.458
760.085
1459.15
1460.42
61.3023
636.422
104.779
671.873
110.355
835.586
1647.44
605.927
90.4442
592.387
63.9778
977.576
61.5864
84.4182
975.78
869.669
113.763
871.285
1647.63
1700.59
61.6459
660.073
93.4185
1701.61
61.1563
783.837
933.095
456.003
90.0862
958.817
61.5431
104.096
938.283
995.707
63.2715
874.021
810.622
765.166
98.8428
664.522
109.319
880.167
121.88
1080.67
62.3452
755.612
118.694
61.9851
800.069
864.266
63.2339
895.74
903.934
860.139
123.886
792.68
59.5124
712.825
112.956
731.669
1454.66
1456.5
61.3361
641.846
106.513
835.077
98.2471
865.408
1634.77
619.721
90.8224
655.754
62.4134
788.747
92.3581
63.2153
808.962
845.271
123.364
856.294
1650.92
1705.54
61.5183
645.657
93.0038
1687.53
61.278
775.946
938.203
-3034.15
59.7746
494.723
61.4829
100.569
474.427
864.782
62.6305
807.873
769.919
726.529
98.2795
658.87
109.201
1447.69
60.3343
883.348
131.032
1039.53
61.6934
62.1576
1040.01
682.471
112.394
793.313
958.137
901.098
126.419
788.072
59.51
733.201
115.526
785.962
953.207
897.244
126.064
785.213
60.3477
680.825
112.123
782.012
2419.54
619.34
91.3598
540.127
108.012
1002.09
61.6799
62.5172
1002.94
772.927
118.359
794.536
2424.4
2430.14
61.6495
659.46
93.9497
2424.91
61.2836
720.026
1446.84
547.109
62.0425
763.7
61.5021
117.462
723.411
900.146
62.6544
810.524
770.612
727.055
98.3134
657.659
107.444
2127.15
64.2485
1077.24
62.1784
773.37
55.1008
116.319
736.137
-48.0862
62.8263
693.479
1473.59
1467.81
58.4431
231.813
-5.47028
812.803
60.0249
430.886
435.713
504.717
100.897
796.241
64.2486
682.36
112.226
782.177
2419.54
619.349
91.3604
969.118
136.925
1054.96
61.6939
62.5612
1055.84
777.763
118.683
795.056
2424.4
2430.14
61.6498
659.491
93.9518
2424.91
61.2837
619.069
2092.76
446.328
100.347
990.074
61.7409
62.4498
990.794
763.355
114.805
807.19
1602.01
1649.73
56.136
687.578
112.623
2466.94
60.5171
1080.63
62.3431
799.357
61.5156
118.413
755.121
661.109
109.713
737.046
1463.15
1464.01
61.3611
641.895
104.024
853.406
63.1317
881.185
889.464
848.874
122.991
786.897
60.516
862.62
63.4298
893.726
868.629
750.472
56.1344
566.297
97.9112
967.695
97.9563
62.2973
987.166
745.365
114.967
724.531
1217.48
1223.48
62.0187
677.414
94.8443
838.723
120.432
788.689
2466.4
527.414
103.728
1037.32
61.7628
62.695
1038.26
792.181
116.546
695.29
1292.91
1292.96
56.2321
689.728
111.192
1447.55
60.3079
883.187
130.998
1038.46
61.6345
62.096
1038.93
673.664
109.626
792.113
958.454
901.532
126.529
792.25
59.5079
723.994
112.623
788.258
952.913
896.966
126.043
784.83
60.3212
668.417
108.645
754.779
956.596
781.744
56.1337
535.405
106.002
999.778
61.5945
62.4144
1000.61
758.29
114.384
766.443
957.883
909.001
124.916
835.774
56.1337
907.34
122.622
722.853
1446.72
571.208
61.9903
714.397
113.776
62.3215
758.317
749.337
114.17
686.422
2286.51
2286.51
56.1367
866.811
62.9597
820.049
116.407
867.631
127.099
1036.58
61.6415
62.1052
1037.05
674.656
109.893
801.938
2495.54
2496.18
61.6297
668.951
102.114
725.391
112.953
801.701
2478.09
2479.67
61.6263
669.627
106.498
767.354
110.598
810.596
913.056
739.273
56.1344
669.973
62.8152
841.754
80.5579
62.8742
856.806
808.63
119.982
766.215
957.564
908.464
125.179
836.825
56.1336
859.123
120.156
861.245
865.891
-93.7458
61.639
715.949
61.6047
114.458
679.114
893.94
62.6502
810.059
770.491
726.963
98.3075
672.729
111.665
2470.54
60.5788
1080.64
62.3437
799.446
61.5289
118.43
755.203
662.747
109.963
743.563
1464.31
1465.15
61.3872
645.367
104.809
853.922
63.1531
884.254
892.785
851.624
123.28
792.096
60.5775
680.915
112.129
782.022
2419.54
619.341
91.3598
565.403
109.716
1005.21
61.6807
62.5197
1006.06
773.212
118.378
794.566
2424.4
2430.14
61.6495
659.461
93.9499
2424.91
61.2836
789.003
2470.15
538.549
60.7898
527.316
49.8431
62.1897
615.504
735.563
113.306
686.458
1217.04
1217.23
56.4018
-1470.76
61.0159
740.949
113.327
883.325
131.026
1039.39
61.6947
62.145
1039.84
682.659
112.454
795.894
2488.94
2489.18
61.1685
602.81
86.6442
731.467
115.073
766.929
2405.8
2412.86
61.6508
674.262
108.998
664.857
108.782
749.557
956.052
781.952
56.1336
662.907
84.632
984.432
61.5467
63.478
985.989
875.5
116.718
824.759
919.401
866.342
121.901
795.278
56.1345
906.536
122.89
627.82
754.938
657.258
62.1045
770.706
61.1502
117.92
730.22
900.959
62.655
810.585
770.628
727.067
98.3142
622.069
108.237
2467.05
60.576
1080.64
62.3435
799.416
61.5287
118.419
755.167
662.724
109.957
743.365
1464.09
1464.9
61.3616
641.768
103.847
853.549
63.1257
880.28
888.76
848.55
123.072
791.669
60.5748
680.914
112.129
782.022
2419.54
619.341
91.3598
565.097
109.695
1005.17
61.6807
62.5197
1006.02
773.208
118.377
794.566
2424.4
2430.14
61.6495
659.461
93.9498
2424.91
61.2836
781.974
2466.4
450.07
101.921
990.146
61.7451
62.4113
990.823
758.607
114.894
684.84
1385.37
1385.4
56.1394
688.182
112.791
2480.03
60.5822
1080.66
62.3444
799.529
61.5294
118.458
755.302
662.808
109.979
744.062
1464.88
1465.78
61.4571
655.202
107.437
854.939
63.2281
895.112
903.783
860.02
123.848
793.209
60.581
678.322
111.446
759.754
929.642
743.855
56.1344
565.772
109.733
1004.9
61.6621
62.4987
1005.75
770.317
117.644
770.907
936.171
885.129
125.742
800.539
56.1345
877.701
123.948
795.289
2480.36
447.633
100.416
989.605
61.7348
62.4012
990.282
756.524
113.849
752.435
2351.25
2351.38
56.1366
686.748
112.419
879.561
121.822
1080.68
62.3453
755.63
118.695
61.9897
800.094
864.25
63.2322
895.472
903.868
860.304
123.983
797.16
59.529
713.491
113.123
737.486
1454.84
1456.67
61.3396
642.154
106.499
856.326
62.8377
834.092
828.709
744.234
56.1344
653.111
62.0898
727.496
116.704
62.3534
770.161
753.434
115.346
718.688
1424.94
1430.12
61.2885
621.93
91.527
801.098
119.013
781.66
937.655
491.853
101.082
983.625
61.5908
106.552
963.793
1056.89
80.7685
861.73
825.811
783.323
98.2598
667.62
108.104
1447.68
60.3129
883.227
131.006
1038.77
61.6927
62.0966
1039.18
682.396
112.386
793.18
958.503
901.577
126.536
792.447
59.5199
724.066
112.63
788.4
952.989
897.027
126.049
784.904
60.3262
692.38
113.175
849.723
1642.63
614.283
90.7014
536.031
106.111
1003.2
61.7647
62.6065
1004.05
785.003
119.361
860.945
1646.84
1701.72
61.5945
654.206
93.2673
1697.08
61.2307
726.322
1446.86
457.22
89.8785
958.025
61.547
104.118
937.369
995.669
63.2988
875.851
811.571
766.087
98.8447
665.168
109.53
881.991
122.356
1080.62
62.3426
755.337
118.681
61.928
799.712
864.419
63.249
897.686
906.052
862.25
124.203
802.529
59.9042
704.312
110.298
740.428
1457.55
1459.01
61.3497
643.438
106.917
672.042
110.365
835.604
1647.44
605.928
90.4442
665.026
64.0406
984.844
61.588
84.4444
983.045
870.134
113.783
871.33
1647.64
1700.6
61.646
660.076
93.4187
1701.61
61.1563
783.923
940.53
617.089
108.546
999.868
61.5908
106.703
979.962
1058.9
80.7737
861.866
825.845
783.35
98.2614
667.472
107.975
1447.86
60.3353
883.348
131.032
1039.54
61.6934
62.1577
1040.01
682.473
112.394
793.326
958.15
901.109
126.425
788.19
59.5196
733.211
115.53
786.055
953.282
897.307
126.069
785.26
60.3487
692.398
113.177
849.725
1642.63
614.283
90.7014
540.285
108.054
1003.8
61.7648
62.607
1004.66
785.06
119.365
860.951
1646.84
1701.72
61.5945
654.206
93.2673
1697.08
61.2307
720.961
1447.03
697.091
98.5828
988.004
61.5615
104.541
966.792
998.676
63.301
876.09
811.632
766.134
98.8476
666.999
109.875
878.084
120.549
1080.97
62.3599
758.008
119.584
61.9386
801.771
898.466
65.7519
1072.13
-685.738
-350.135
43.8192
710.387
61.0409
705.713
110.621
751.779
1467.07
1467.35
61.3033
636.668
104.924
671.885
110.355
835.587
1647.44
605.927
90.4442
597.967
63.9826
978.133
61.5866
84.4202
976.337
869.705
113.765
871.289
1647.63
1700.59
61.6459
660.073
93.4185
1701.61
61.1563
795.099
939.232
105.181
78.622
949.631
61.6831
62.5617
950.521
780.031
117.66
832.597
1584.79
1633.2
56.1351
679.241
110.165
868.829
115.085
1079.82
62.3039
749.148
116.438
61.9998
795.183
892.64
65.3865
1024.5
-763.83
-405.737
41.4064
708.234
61.6498
714.942
113.525
752.621
1471.93
1471.52
61.225
626.6
100.788
809.964
99.269
957.895
957.746
788.414
56.1336
557.163
102.959
1040.77
62.6087
62.7185
1040.98
795.478
117.685
728.275
1444.24
1449.49
61.367
631.032
91.8385
943.516
118.947
802.775
931.628
834.626
127.853
1038.11
61.7215
62.5115
1038.91
771.303
117.316
754.125
2351.25
2351.38
56.1366
684.505
111.54
865.496
120.803
1080.2
62.3222
753.082
118.516
61.4826
796.842
863.611
63.2156
893.302
899.854
855.531
122.757
754.401
56.3934
643.247
95.2283
-53.9119
-2672.92
-2197.26
60.9335
598.445
103.566
856.293
62.8377
834.09
828.708
744.233
56.1344
648.286
62.0868
727.162
116.682
62.3532
769.8
753.414
115.344
718.687
1424.94
1430.12
61.2885
621.93
91.527
801.098
119.013
746.863
919.401
